[main]
s_speed=-0.40000000596046
debug=false
speed=30
waiting=450
ground=5
[unoccupied]
u_speed=-0.5
tpInCar=false
speed=11
waiting=550
ground=2
[FOOT]
packet=1.7999999523163
ground=5
waiting=500
speed=8
